t = 0
b =  100.0 100.0 100.0
E = 0. 0. 0.
82.7980358007 22.3340529352 39.7423181463 -0.499656618769 0.752431224834 0.42917422478 0.676340019438 0.0293224090869 0.73600568913 0.0 0.0 0.0 0.0 0.0 0.0
83.1951097293 22.6627461569 39.8939036451 -0.722092804655 0.223657165233 0.654644524842 0.676340019438 0.0293224090869 0.73600568913 0.0 0.0 0.0 0.0 0.0 0.0
83.4275825803 23.0424220364 40.1947153839 -0.670193861304 -0.390087990788 0.631404424844 0.676340019438 0.0293224090869 0.73600568913 0.0 0.0 0.0 0.0 0.0 0.0
83.5072847195 23.3331773461 40.6394557812 -0.363677065001 -0.855632197186 0.368283227329 0.676340019438 0.0293224090869 0.73600568913 0.0 0.0 0.0 0.0 0.0 0.0
83.5040866603 23.4288912696 41.1681463517 0.0810067286532 -0.996107426465 -0.0347549256159 0.676340019438 0.0293224090869 0.73600568913 0.0 0.0 0.0 0.0 0.0 0.0
83.5193540875 23.2975424738 41.6889145359 0.494914711731 -0.758144790402 -0.424589101248 0.676340019438 0.0293224090869 0.73600568913 0.0 0.0 0.0 0.0 0.0 0.0
83.6474373388 22.9933745492 42.1128976211 0.72079632129 -0.23215027296 -0.653114778565 0.676340019438 0.0293224090869 0.73600568913 0.0 0.0 0.0 0.0 0.0 0.0
83.9398261342 22.6362879626 42.3880031719 0.672835357319 0.382042014524 -0.633511232008 0.676340019438 0.0293224090869 0.73600568913 0.0 0.0 0.0 0.0 0.0 0.0
84.3855877704 22.3662878652 42.5186998175 0.369252991895 0.851090153289 -0.373226176668 0.676340019438 0.0293224090869 0.73600568913 0.0 0.0 0.0 0.0 0.0 0.0
84.9155206378 22.2902937951 42.5643195444 -0.0746147587307 0.996794913351 0.0288537431964 0.676340019438 0.0293224090869 0.73600568913 0.0 0.0 0.0 0.0 0.0 0.0
85.4284450686 22.4415191568 42.6165164829 -0.490135115022 0.763800620309 0.419971643612 0.676340019438 0.0293224090869 0.73600568913 0.0 0.0 0.0 0.0 0.0 0.0
85.8296431845 22.7668528939 42.7644459708 -0.719444946495 0.240625701546 0.651535295068 0.676340019438 0.0293224090869 0.73600568913 0.0 0.0 0.0 0.0 0.0 0.0
86.0668438022 23.1470372673 43.0608929497 -0.675425614316 -0.373966944282 0.635569794838 0.676340019438 0.0293224090869 0.73600568913 0.0 0.0 0.0 0.0 0.0 0.0
86.1500811299 23.441975864 43.5022180834 -0.374800798744 -0.846483295583 0.378140703389 0.676340019438 0.0293224090869 0.73600568913 0.0 0.0 0.0 0.0 0.0 0.0
86.1478826037 23.5439585668 44.0297404023 0.0682171066054 -0.997406490446 -0.0229503634526 0.676340019438 0.0293224090869 0.73600568913 0.0 0.0 0.0 0.0 0.0 0.0
86.1612341691 23.4185824287 44.5520311851 0.485318192626 -0.769398283841 -0.415322203509 0.676340019438 0.0293224090869 0.73600568913 0.0 0.0 0.0 0.0 0.0 0.0
86.2852140318 23.1178219276 44.9796492586 0.718038783181 -0.249082805552 -0.649906194636 0.676340019438 0.0293224090869 0.73600568913 0.0 0.0 0.0 0.0 0.0 0.0
86.5728708577 22.7602829932 45.2591211945 0.677964435037 0.365863395009 -0.637579956568 0.676340019438 0.0293224090869 0.73600568913 0.0 0.0 0.0 0.0 0.0 0.0
87.0150696979 22.4861426311 45.3932567593 0.380320063062 0.841811974896 -0.383026433232 0.676340019438 0.0293224090869 0.73600568913 0.0 0.0 0.0 0.0 0.0 0.0
87.5439625084 22.4038933352 45.4400814366 -0.0618142594834 0.997942111175 0.0170452359498 0.676340019438 0.0293224090869 0.73600568913 0.0 0.0 0.0 0.0 0.0 0.0
88.0587647566 22.549124975 45.4907915759 -0.480464311371 0.774937354716 0.410641135013 0.676340019438 0.0293224090869 0.73600568913 0.0 0.0 0.0 0.0 0.0 0.0
88.4640451498 22.8710036092 45.6351073749 -0.716577938434 0.257520940938 0.648227601331 0.676340019438 0.0293224090869 0.73600568913 0.0 0.0 0.0 0.0 0.0 0.0
88.7059815795 23.2515841499 45.927186676 -0.680451626142 -0.357731983822 0.639541564116 0.676340019438 0.0293224090869 0.73600568913 0.0 0.0 0.0 0.0 0.0 0.0
88.7928090395 23.5506196737 46.3650494968 -0.385810364534 -0.837076546968 0.387882994128 0.676340019438 0.0293224090869 0.73600568913 0.0 0.0 0.0 0.0 0.0 0.0
88.7916910148 23.6588435722 46.8913302583 0.0554067049662 -0.998401734748 -0.0111388103863 0.676340019438 0.0293224090869 0.73600568913 0.0 0.0 0.0 0.0 0.0 0.0
88.8032029503 23.5394817639 47.4150719276 0.475573840899 -0.78041741111 -0.405928794604 0.676340019438 0.0293224090869 0.73600568913 0.0 0.0 0.0 0.0 0.0 0.0
88.9231219578 23.2422237822 47.8462821155 0.715062523503 -0.265939465108 -0.646499642984 0.676340019438 0.0293224090869 0.73600568913 0.0 0.0 0.0 0.0 0.0 0.0
89.2060394899 22.8843448911 48.1301226893 0.682886998221 0.349573329959 -0.641454468097 0.676340019438 0.0293224090869 0.73600568913 0.0 0.0 0.0 0.0 0.0 0.0
89.6446211349 22.6061512515 48.267743697 0.391271285053 0.832277372421 -0.392710016233 0.676340019438 0.0293224090869 0.73600568913 0.0 0.0 0.0 0.0 0.0 0.0
90.1723930815 22.5176752651 48.3158464441 -0.0489949310139 0.998785326164 0.0052315365593 0.676340019438 0.0293224090869 0.73600568913 0.0 0.0 0.0 0.0 0.0 0.0
90.6889966321 22.6568724253 48.3651417201 -0.470647153637 0.785838035697 0.401185541146 0.676340019438 0.0293224090869 0.73600568913 0.0 0.0 0.0 0.0 0.0 0.0
91.0983161492 22.9752013904 48.5058872529 -0.713492653793 0.274337736958 0.644722451187 0.676340019438 0.0293224090869 0.73600568913 0.0 0.0 0.0 0.0 0.0 0.0
91.3449949934 23.3560656513 48.7935972887 -0.685270365811 -0.341388054734 0.643318522838 0.676340019438 0.0293224090869 0.73600568913 0.0 0.0 0.0 0.0 0.0 0.0
91.4354664362 23.6591104944 49.227951802 -0.396702408749 -0.827414816729 0.39750713195 0.676340019438 0.0293224090869 0.73600568913 0.0 0.0 0.0 0.0 0.0 0.0
91.4355095524 23.7735461039 49.7529180786 0.0425794259079 -0.99909285621 0.000676135669503 0.676340019438 0.0293224090869 0.73600568913 0.0 0.0 0.0 0.0 0.0 0.0
91.4452586501 23.6602384655 50.2780384803 0.465684624772 -0.791198815676 -0.396411735856 0.676340019438 0.0293224090869 0.73600568913 0.0 0.0 0.0 0.0 0.0 0.0
91.5611605727 23.3665770321 50.7127968143 0.711868448854 -0.282715116927 -0.642896161279 0.676340019438 0.0293224090869 0.73600568913 0.0 0.0 0.0 0.0 0.0 0.0
91.8393329306 23.008470679 51.0010069482 0.68760154741 0.333176781487 -0.645133586382 0.676340019438 0.0293224090869 0.73600568913 0.0 0.0 0.0 0.0 0.0 0.0
92.2742440828 22.7263119836 51.1421588607 0.40210332202 0.822489250195 -0.402273975959 0.676340019438 0.0293224090869 0.73600568913 0.0 0.0 0.0 0.0 0.0 0.0
92.8008147 22.6316397388 51.1916124077 -0.0361606782138 0.999324301467 -0.00658375640796 0.676340019438 0.0293224090869 0.73600568913 0.0 0.0 0.0 0.0 0.0 0.0
93.3191424894 22.7647634999 51.2395651873 -0.46068663222 0.796499342801 0.391607742277 0.676340019438 0.0293224090869 0.73600568913 0.0 0.0 0.0 0.0 0.0 0.0
93.7324567465 23.0794493112 51.3767849641 -0.710190032377 0.291070967046 0.641020912339 0.676340019438 0.0293224090869 0.73600568913 0.0 0.0 0.0 0.0 0.0 0.0
93.9838831634 23.4604847586 51.660125478 -0.689880365489 -0.324940135537 0.646899520505 0.676340019438 0.0293224090869 0.73600568913 0.0 0.0 0.0 0.0 0.0 0.0
94.0780513292 23.7674500919 52.0909267579 -0.407473613567 -0.81750104792 0.407010185248 0.676340019438 0.0293224090869 0.73600568913 0.0 0.0 0.0 0.0 0.0 0.0
94.0793358721 23.8880660357 52.6145060224 0.029739176744 -0.99947964431 0.0124908757679 0.676340019438 0.0293224090869 0.73600568913 0.0 0.0 0.0 0.0 0.0 0.0
94.0873994612 23.780850563 53.1409325824 0.455653556598 -0.801739213417 -0.386773926253 0.676340019438 0.0293224090869 0.73600568913 0.0 0.0 0.0 0.0 0.0 0.0
94.1993292928 23.4908786114 53.5791940137 0.708457532179 -0.299404650983 -0.639096847175 0.676340019438 0.0293224090869 0.73600568913 0.0 0.0 0.0 0.0 0.0 0.0
94.4727520413 23.1326573602 53.8717732986 0.692106646507 0.316678744139 -0.648616190726 0.676340019438 0.0293224090869 0.73600568913 0.0 0.0 0.0 0.0 0.0 0.0
94.9039405215 22.8466230387 54.0165005025 0.412812874421 0.812450589776 -0.411715399136 0.676340019438 0.0293224090869 0.73600568913 0.0 0.0 0.0 0.0 0.0 0.0
95.4292297095 22.7457868548 54.0673771681 -0.0233154105207 0.999558872907 -0.0183970438992 0.676340019438 0.0293224090869 0.73600568913 0.0 0.0 0.0 0.0 0.0 0.0
